Title,30205,30000,30001,30002,30003,30004,30005,30006,30007,30008,30009,30010,30011,30012,30013,30014,30015,30016,30017,30018,30019,30020,30021,30022,30023,30024,30025,30026,30027,30028,30029,30030,30031,30032,30033,30034,30035,30037,30038,30039,30040,30041,30042,30043,30044,30045,30046,30047,30048,30049,30050,30051,30052,30053,30054,30055,30056,30057,30058,30059,30060,30061,30062,30063,30064,30065,30066,30067,30068,30069,30070,30071,30073,30074,30075,30076,30077,30078,30079,30080,30081,30082,30083,30085,30086,30087,30088,30089,30090,30091,30092,30093,30094,30095,30096,30097,30098,30099,30100,30101,30102,30103,30104,30105,30106,30107,30108,30109,30110,30111,30112,30113,30114,30115,30116,30117,30118,30119,30120,30121,30122,30123,30124,30125,30126,30127,30128,30129,30130,30131,30132,30133,30134,30135,30136,30137,30138,30139,30140,30141,30142,30143,30144,30145,30146,30147,30148,30149,30150,30151,30152,30153,30154,30155,30156,30157,30158,30159,30160,30161,30162,30163,30164,30165,30166,30167,30168,30169,30170,30171,30172,30173,30174,30175,30176,30177,30178,30179,30180,30181,30182,30183,30184,30185,30186,30187,30188,30189,30190,30191,30192,30193,30194,30195,30196,30197,30198,30199,30201,30202,30203,30204
30205,0,4.0952,0.4358,1.9993,7.1801,4.6095,4.2316,4.2745,3.8955,2.4704,2.8162,4.7419,5.0208,4.0939,3.8942,1.7578,2.8242,4.5916,4.1037,3.1622,2.4228,4.3143,4.7872,3.7193,2.2549,2.1459,2.4317,1.9138,2.4676,4.3678,4.0611,4.1875,1.7022,2.3906,2.6435,1.6392,4.6751,2.7272,2.3474,4.2862,4.1779,3.1557,4.2855,4.6165,4.2167,1.2041,3.4553,4.2105,4.4118,4.3337,4.24,3.9476,4.208,4.8056,2.8287,1.8331,5.2341,1.8798,2.5666,6.3742,3.7472,4.5712,5.3236,3.3305,3.2019,5.6706,7.2161,6.9148,7.2555,7.1947,7.9198,6.5494,5.0044,1.3734,1.6542,1.9693,2.4921,3.6043,3.0055,1.4533,0.4188,4.5976,2.189,3.1782,3.5629,3.5844,3.5372,5.5049,3.8193,4.5177,5.5146,4.2943,4.3329,4.8614,5.4684,3.6898,5.3627,4.4755,6.0202,5.1311,5.4661,5.4934,4.8553,4.0294,5.923,5.1533,2.5711,2.7516,2.894,3.5246,5.3233,3.9933,4.1432,2.0436,6.3182,6.7242,7.1147,7.4311,7.4659,7.1267,7.4552,6.1472,6.7379,6.4713,7.2359,7.1421,6.9172,7.7369,7.7839,7.7494,7.4439,6.773,7.3056,6.8695,7.2179,6.037,5.6228,6.5572,6.2009,6.8206,4.6965,3.5964,5.0059,6.289,9.5064,1.0877,2.3123,2.8729,5.8393,5.3493,5.6823,4.5026,3.3008,2.3873,3.7979,6.2846,4.8621,6.3476,4.1392,1.1207,2.0858,1.818,4.0826,6.9708,6.3944,1.7373,6.8437,6.3635,4.3891,3.8989,3.6212,6.4744,3.3291,6.1039,5.0571,6.4626,4.3507,3.6566,5.5444,5.1616,2.9527,2.2938,4.5585,4.5207,4.405,4.378,4.1457,1.3314,3.1986,1.5803,2.0969,2.0268,1.5929,2.5095,2.1848,2.5932,2.7046,4.7306,6.6575,4.0703,7.0192,4.8143
30000,4.0952,0,3.6594,2.0959,3.0849,1.8325,0.41531,1.9284,1.4897,2.6982,1.279,2.1622,0.92558,2.0481,4.122,2.3374,1.271,2.9512,3.341,2.8866,1.6724,4.542,0.83855,3.683,2.4827,1.9493,1.6635,2.1814,1.6276,0.8271,1.11,0.63949,2.393,1.7046,1.6371,2.456,2.428,1.368,1.7478,1.7163,1.7721,2.1028,1.4669,4.8443,4.1813,2.8911,0.63994,0.19911,3.5502,4.5615,0.85576,1.2217,2.1748,1.3115,3.0565,3.1951,1.2447,2.2154,1.5286,2.7958,2.6151,4.799,1.8317,1.2141,3.4297,1.5754,3.8236,2.8197,3.1603,3.0995,3.8246,2.4542,5.2322,2.8433,4.0115,4.6869,6.1617,6.2359,6.6787,3.3783,4.4086,8.3497,6.2842,7.2734,7.658,1.6078,0.558,5.7327,0.66584,0.73957,1.4194,2.4975,4.5607,5.0892,1.3732,3.9176,1.2675,8.5707,6.2034,9.2263,5.8782,9.5886,1.162,7.8766,10.018,8.9035,1.9974,2.5238,1.5635,7.2871,2.2285,3.8159,4.371,2.0516,10.413,10.819,11.21,11.526,11.561,11.222,11.55,10.203,10.833,10.566,11.331,11.237,11.012,11.832,11.879,11.845,11.539,10.868,11.401,10.965,11.313,10.132,9.4345,10.496,10.012,10.916,1.647,0.5184,0.91067,2.1938,5.4112,5.1829,6.4075,6.9681,9.9345,1.2541,1.5871,8.5978,0.79436,6.4825,5.4874,6.5124,5.0899,10.443,4.367,3.8352,6.181,4.9304,8.1778,7.1986,6.6222,5.8325,2.7485,2.2683,0.29387,0.27533,0.47399,2.3792,7.4243,2.0087,0.96191,2.3674,0.49465,0.80301,1.4492,1.126,1.1425,1.8014,0.87692,0.53073,1.1691,2.8699,1.4439,2.7638,0.99102,3.5787,1.9983,2.0684,2.5023,1.5857,1.9104,1.502,1.3906,8.8258,2.5623,0.58124,7.247,1.7144
30001,0.4358,3.6594,0,1.5635,6.7443,4.1737,3.7958,3.8387,3.4597,2.5556,2.3804,4.3061,4.585,3.6581,3.9793,1.322,2.3884,4.1558,3.6679,2.7439,1.987,4.3994,4.3514,3.5403,2.34,1.7101,1.9959,1.478,2.0318,3.932,3.6253,3.7517,1.4504,1.9548,2.2077,1.2034,4.2393,2.2914,1.9116,3.8504,3.7421,2.7199,3.8497,4.7017,4.0386,0.76835,3.0195,3.7747,3.976,4.4189,3.8042,3.5118,3.7722,4.3698,2.9138,1.7479,4.7983,1.444,2.1308,5.9384,3.3114,4.6564,4.8878,2.8947,3.287,5.2348,6.7803,6.4791,6.8197,6.7589,7.484,6.1136,5.0895,1.2883,1.5691,1.8842,2.5023,3.5192,3.0193,1.5385,0.74923,4.6903,2.6248,3.614,3.9986,3.1486,3.1014,5.5901,3.3835,4.0819,5.0788,3.8585,4.418,4.9466,5.0326,3.775,4.9269,4.9113,5.9351,5.5669,5.3809,5.9292,4.4195,4.2172,6.3588,5.2441,2.1353,2.6665,2.4582,3.6277,4.8876,3.9081,4.2283,1.6078,6.754,7.16,7.5505,7.8669,7.9017,7.5625,7.891,6.5439,7.1737,6.9071,7.6717,7.5779,7.353,8.1727,8.2197,8.1852,7.8797,7.2088,7.7414,7.3053,7.6537,6.4728,5.7751,6.837,6.3531,7.2564,4.2607,3.1606,4.5701,5.8532,9.0706,1.5235,2.7481,3.3087,6.2751,4.9135,5.2465,4.9384,2.865,2.8231,3.883,6.3698,4.9473,6.7834,4.2243,1.2059,2.5216,1.9032,4.5184,7.056,6.4796,2.1731,6.4079,5.9277,3.9533,3.4631,3.1854,6.0386,3.7649,5.6681,4.6213,6.0268,3.9149,3.2208,5.1086,4.7258,2.5169,1.858,4.1227,4.0849,3.9692,3.9422,3.7099,1.145,2.7628,1.4951,1.6611,1.591,1.1966,2.0737,1.749,2.1574,2.2688,5.1664,6.2217,3.6345,7.1043,4.3785
30002,1.9993,2.0959,1.5635,0,5.1809,2.6102,2.2323,2.2752,1.8962,2.3409,1.102,2.7426,3.0215,2.0946,3.7646,0.33609,0.82497,2.5939,2.9837,2.5293,0.42354,4.1847,2.7879,3.3257,2.1254,0.71766,0.98769,0.77199,0.46831,2.3685,2.0619,2.1882,1.665,1.2668,1.2797,1.0369,2.6758,0.7279,0.93664,2.2869,2.1787,1.7455,2.2862,4.487,3.824,0.79513,1.456,2.2112,3.1929,4.2042,2.2407,1.9483,2.2088,2.8063,2.6992,1.9626,3.2348,1.111,0.77607,4.3749,2.2578,4.4417,3.3243,1.3312,3.0724,3.6714,5.2169,4.9156,5.2563,5.1954,5.9205,4.5501,4.8749,1.503,1.9155,2.5909,4.0658,4.14,4.5828,1.3238,2.3127,6.2538,4.1883,5.1775,5.5621,1.5851,1.5379,5.3754,1.8201,2.5184,3.5153,2.295,4.2034,4.7319,3.4691,3.5603,3.3634,6.4747,6.1497,7.1304,5.5956,7.4927,2.856,5.7807,7.9222,6.8076,1.6401,2.8811,1.9208,5.1912,3.3241,4.1228,4.0137,0.89752,8.3175,8.7235,9.114,9.4303,9.4651,9.126,9.4545,8.1073,8.7372,8.4705,9.2351,9.1414,8.9165,9.7362,9.7831,9.7487,9.4431,8.7723,9.3049,8.8688,9.2171,8.0362,7.3386,8.4004,7.9166,8.8198,2.6972,1.5971,3.0066,4.2897,7.5071,3.087,4.3116,4.8722,7.8386,3.35,3.683,6.5019,1.3016,4.3866,3.6683,6.1551,4.7326,8.3469,4.0096,1.7393,4.0851,2.8345,6.0819,6.8413,6.2649,3.7365,4.8444,4.3642,2.3898,1.8997,1.6219,4.4751,5.3284,4.1046,3.0578,4.4633,2.3514,1.6573,3.5452,3.1623,0.95345,0.60138,2.5593,2.5214,2.4057,2.5126,2.1464,1.3597,1.3483,1.7098,1.1703,1.4607,1.4112,0.51027,1.0538,1.1674,0.70535,6.7299,4.6582,2.0711,6.8897,2.815
30003,7.1801,3.0849,6.7443,5.1809,0,2.5707,2.9485,2.9057,3.2847,5.3964,4.3639,2.4382,2.1594,3.0862,3.8492,5.4223,4.3559,2.5886,3.0764,4.0179,4.7573,3.1772,2.3929,3.4608,4.9275,5.0342,4.7484,5.2663,4.7125,2.8124,3.119,2.9927,5.4779,4.7895,4.5366,5.5409,2.5051,4.453,4.8328,2.894,3.0022,4.0244,2.8947,3.242,2.9634,5.976,3.7249,2.9697,2.7684,5.3646,2.9402,3.2325,2.9721,2.3745,4.7924,6.2801,1.946,5.3004,4.6135,0.80591,3.4329,3.5582,1.8565,3.8497,4.2082,1.5095,1.6385,1.3595,1.0504,1.9978,0.78332,0.67104,3.8563,5.9283,7.0964,7.7718,9.2467,9.3208,9.7636,6.4632,7.4936,11.435,9.3691,10.358,10.743,3.5957,3.6429,3.5475,3.3608,2.6624,1.6656,2.8858,4.0597,4.5013,2.8795,4.1817,2.3606,11.656,9.2883,12.311,8.9631,12.674,3.3471,10.962,13.103,11.988,4.609,5.189,4.2862,10.372,4.4136,6.9008,5.7538,5.1365,13.498,13.904,14.295,14.611,14.646,14.307,14.635,13.288,13.918,13.651,14.416,14.322,14.097,14.917,14.964,14.93,14.624,13.953,14.486,14.05,14.398,13.217,12.519,13.581,13.097,14.001,2.4836,3.5837,2.1743,2.2074,4.7149,8.2678,9.4924,10.053,13.019,1.9865,2.4916,11.683,3.8793,9.5675,8.5723,4.3272,3.0171,13.528,3.5746,6.9201,9.266,8.0153,11.263,5.0135,4.437,8.9174,3.3321,2.8614,2.7911,3.2812,3.5589,3.2873,10.509,3.1337,2.123,3.7022,2.8294,3.5235,1.6357,2.0185,4.2274,4.8863,2.6216,2.7159,2.7751,2.8021,3.0344,5.8487,3.9816,6.6637,5.0832,5.1533,5.5872,4.6706,4.9953,4.5869,4.4755,11.911,0.52261,3.1098,5.8798,3.8995
30004,4.6095,1.8325,4.1737,2.6102,2.5707,0,2.2478,0.335,0.71402,2.8257,2.5771,0.32975,1.0718,0.51557,2.2895,2.8516,1.7852,1.1187,1.5085,1.4473,2.1867,2.7096,0.99391,1.8505,2.3568,2.4636,2.4628,2.6956,2.1419,1.0054,0.72249,1.193,3.1402,2.7419,1.9659,2.9702,0.59552,1.8823,2.2621,0.32331,0.43153,1.4538,0.36553,3.0119,2.3488,3.4053,1.3198,2.0316,1.7177,2.794,0.9767,0.66185,0.40143,0.52092,2.2217,3.7094,0.62464,2.7297,2.2512,1.7647,0.86228,2.9666,0.71411,1.279,1.6375,1.0612,2.6067,2.3054,2.6461,2.5852,3.3103,1.9399,3.3997,3.3576,4.5257,5.2011,6.676,6.7502,7.193,3.8925,4.9229,8.864,6.7985,7.7877,8.1723,1.0251,2.1681,3.9003,1.1666,1.0929,1.0644,0.66506,2.7282,3.2567,2.5268,2.0852,2.0079,9.0849,7.6249,9.7406,7.0707,10.103,2.9944,8.3909,10.532,9.4178,2.0384,4.3563,3.3959,7.8014,4.0609,5.5979,3.1831,2.5659,10.928,11.334,11.724,12.041,12.075,11.736,12.065,10.718,11.347,11.081,11.845,11.752,11.527,12.346,12.393,12.359,12.053,11.383,11.915,11.479,11.827,10.646,9.9488,11.011,10.527,11.43,0.18544,1.3141,1.4143,1.8547,4.8969,5.6972,6.9218,7.4824,10.449,1.6338,2.1389,9.1121,1.5005,6.9968,6.0017,4.6799,3.2575,10.957,2.5345,4.3495,6.6953,5.4447,8.6921,5.3662,4.7898,6.3467,2.9794,2.5086,1.607,2.1078,2.0896,2.9346,7.9386,2.7809,0.94148,3.3495,2.3271,1.0294,0.93496,0.70645,2.4145,2.3157,0.95553,2.3632,0.66333,1.0375,0.46378,3.2781,2.8235,4.093,2.6455,2.9358,3.0165,2.0999,2.529,2.6425,2.0267,9.3401,2.048,1.2512,5.4145,3.5468
30005,4.2316,0.41531,3.7958,2.2323,2.9485,2.2478,0,2.3437,1.905,3.1135,1.4154,2.5775,1.176,2.4635,4.5373,2.4738,1.4074,3.3665,3.7563,3.3019,1.8088,4.9574,1.2539,4.0983,2.898,2.0857,1.7999,2.3178,1.764,1.2424,1.5253,1.0548,2.5294,1.841,2.0524,2.5924,2.8433,1.5044,1.8843,2.1316,2.1875,2.5182,1.8822,5.2596,4.5966,3.0275,0.92794,0.2162,3.9655,4.9768,1.2711,1.637,2.5901,1.7268,3.4718,3.3315,1.66,2.3518,1.665,3.2111,3.0304,5.2143,2.247,1.6294,3.845,1.439,4.2389,2.6832,3.0239,2.963,3.6882,2.3178,5.6475,2.9798,4.1479,4.8233,6.2981,6.3723,6.8151,3.5147,4.545,8.4861,6.4206,7.4098,7.7945,2.0231,0.69442,6.148,1.0811,1.1549,1.283,2.9128,4.976,5.5045,1.2368,4.3329,1.1311,8.7071,6.3398,9.3627,6.0146,9.7251,0.74665,8.013,10.155,9.04,2.4127,2.2404,1.3376,7.4236,1.8132,3.9523,4.7863,2.188,10.55,10.956,11.346,11.663,11.697,11.358,11.687,10.34,10.969,10.703,11.467,11.374,11.149,11.969,12.015,11.981,11.675,11.005,11.537,11.101,11.449,10.269,9.5709,10.633,10.149,11.052,2.0623,0.93371,0.83345,2.0573,5.2747,5.3193,6.5439,7.1045,10.071,1.1177,1.4507,8.7342,0.93078,6.6189,5.6238,6.9277,5.5052,10.579,4.7823,3.9716,6.3175,5.0668,8.3143,7.6139,7.0375,5.9689,2.6121,2.1319,0.64073,0.33268,0.61041,2.2427,7.5607,1.8723,1.3063,2.231,0.1191,1.2183,1.4362,1.5413,1.2789,1.9378,1.2922,0.28905,1.5844,3.2852,1.8592,2.9002,1.033,3.7151,2.1347,2.2048,2.6387,1.7221,2.0468,1.6384,1.527,8.9622,2.6646,0.99655,7.6623,1.2991
30006,4.2745,1.9284,3.8387,2.2752,2.9057,0.335,2.3437,0,0.43877,2.4907,2.6731,0.46741,1.1678,0.18057,2.1935,2.5166,1.619,1.0227,1.4125,1.1123,1.8517,2.6136,1.0899,1.7545,2.0218,2.2888,2.5588,2.3606,1.8069,1.1013,0.81847,1.2889,3.2361,2.8379,1.6309,2.6352,0.49955,1.5473,1.9271,0.21214,0.15628,1.1188,0.46151,2.9159,2.2528,3.0703,1.4158,2.1275,1.6218,2.6331,1.0727,0.70676,0.24642,0.61689,1.8867,3.5337,0.95964,2.6822,2.3472,2.0997,0.6867,2.8706,1.0491,0.944,1.5012,1.3962,2.9417,2.6404,2.9811,2.9202,3.6453,2.2749,3.3037,3.0741,4.1907,4.8661,6.341,6.4152,6.858,3.5575,4.5879,8.529,6.4635,7.4527,7.8373,0.69007,2.2641,3.8043,1.2626,1.1889,1.2401,0.56909,2.6322,3.1608,2.6228,1.9892,2.1038,8.7499,7.7208,9.4056,7.1667,9.7679,3.0904,8.0559,10.197,9.0828,1.7034,4.4523,3.4919,7.4664,4.1569,5.6939,2.8481,2.4686,10.593,10.999,11.389,11.706,11.74,11.401,11.73,10.383,11.012,10.746,11.51,11.417,11.192,12.011,12.058,12.024,11.718,11.048,11.58,11.144,11.492,10.311,9.6138,10.676,10.192,11.095,0.42201,1.41,1.5103,2.0145,5.2319,5.3622,6.5868,7.1474,10.114,1.7298,2.2348,8.7771,1.5964,6.6618,5.6667,4.584,3.1615,10.622,2.4385,4.0145,6.3603,5.1097,8.3571,5.2702,4.6938,6.0117,3.0754,2.6046,1.703,2.2038,2.1856,3.0306,7.6036,2.8769,1.0375,3.4455,2.4231,1.1254,1.27,0.88711,2.5105,2.1725,1.0515,2.4592,0.75931,0.94149,0.48454,2.9431,2.9194,3.758,2.7415,3.0318,2.9824,1.7907,2.6249,2.7385,2.1227,9.0051,2.383,1.3472,5.3185,3.6428
30007,3.8955,1.4897,3.4597,1.8962,3.2847,0.71402,1.905,0.43877,0,2.1117,2.2343,0.84643,1.1253,0.55849,2.6323,2.1376,1.1802,1.4615,1.8513,1.3969,1.4726,3.0524,0.89173,2.1933,1.6428,1.85,2.12,1.9816,1.4279,0.66255,0.3797,0.85017,2.7974,2.3991,1.2519,2.2562,0.93832,1.1683,1.5481,0.39071,0.28249,0.73976,0.39002,3.3546,2.6916,2.6913,0.97702,1.6888,2.0605,3.0719,0.6339,0.26799,0.68519,0.91015,1.5668,3.0949,1.3387,2.2434,1.9084,2.4788,1.1255,3.3094,1.4281,0.56498,1.94,1.7752,3.3207,3.0194,3.3601,3.2992,4.0243,2.6539,3.7425,2.6436,3.8117,4.4871,5.962,6.0361,6.4789,3.1785,4.2089,8.15,6.0845,7.0737,7.4583,0.31105,1.8253,4.2431,0.82381,0.75008,1.6191,1.0079,3.071,3.5995,2.184,2.428,1.6651,8.3709,7.2821,9.0266,6.7279,9.3889,2.6516,7.6769,9.8184,8.7038,1.3244,4.0135,3.0531,7.0874,3.7181,5.2551,2.8813,2.0299,10.214,10.62,11.01,11.327,11.361,11.022,11.351,10.004,10.633,10.367,11.131,11.038,10.813,11.632,11.679,11.645,11.339,10.668,11.201,10.765,11.113,9.9324,9.2348,10.297,9.8127,10.716,0.80103,0.97125,1.1104,2.3935,5.6109,4.9832,6.2078,6.7684,9.7348,1.4538,1.7961,8.398,1.1577,6.2828,5.2876,5.0227,3.6003,10.243,2.8773,3.6354,5.9813,4.7306,7.9781,5.709,5.1326,5.6327,2.9482,2.4681,1.2642,1.765,1.7469,2.5918,7.2245,2.4381,1.1616,3.0067,1.9843,0.68665,1.649,1.2661,2.0717,1.7337,0.66308,2.0204,0.50956,1.3803,0.25024,2.5641,2.4807,3.379,2.3027,2.593,2.5436,1.3859,2.1862,2.2997,1.6839,8.6261,2.7621,0.90841,5.7573,3.204
30008,2.4704,2.6982,2.5556,2.3409,5.3964,2.8257,3.1135,2.4907,2.1117,0,3.4429,2.9581,3.237,2.3102,1.5472,2.0048,2.3888,2.8078,2.32,1.3784,2.4037,2.2192,3.0034,1.9356,0.46891,3.0586,3.3286,3.1129,2.2749,2.584,2.2774,2.4037,4.006,3.6077,1.0612,3.3779,2.8913,1.9042,1.4043,2.5024,2.3942,1.3719,2.5017,2.1543,2.4329,2.5269,2.1856,2.8973,2.628,1.8633,2.4562,2.1639,2.4243,3.0219,0.60402,4.3035,3.4504,3.452,3.117,4.5905,1.9634,2.1008,3.5398,1.5467,1.1882,3.8869,5.4324,5.1311,5.4718,5.4109,6.136,4.7656,2.5339,3.8439,4.1247,4.4398,4.9626,6.0748,5.4759,1.0668,2.0972,7.068,3.9728,4.962,5.3466,1.8007,3.0339,3.0345,2.0356,2.7339,3.7308,2.5106,1.8624,2.391,3.6846,1.2194,3.579,6.2592,8.4907,6.9149,7.9365,7.2772,3.8602,6.4998,7.7067,7.6238,0.78735,5.2221,4.2617,5.995,4.9267,6.4637,1.6727,3.2384,8.1659,8.7287,9.0148,9.2148,9.2496,9.2108,9.3852,8.6177,8.5216,8.774,9.0196,8.9258,8.7009,9.5207,9.5676,9.5332,9.2276,8.5568,9.0893,8.6532,9.0016,7.8207,8.0932,9.0277,8.6714,8.9551,2.9127,2.1798,3.2221,4.5052,7.7226,2.8715,4.0961,4.6567,7.6231,3.5655,3.8985,6.2863,2.3662,4.1711,3.1759,3.8142,2.3917,8.1313,1.8218,1.5237,3.8696,2.6189,5.8664,4.5004,3.924,3.521,5.0599,4.5798,2.6053,2.9736,2.9554,4.6906,5.1128,4.3201,3.2733,4.6788,3.1929,1.8952,3.7607,3.3778,3.2803,2.9423,2.7748,3.229,2.6213,2.5943,2.3619,3.7006,3.6893,4.0507,3.5113,3.8016,3.7522,2.5605,3.3947,3.5083,2.8925,6.5144,4.8738,2.2866,4.5487,4.4126
30009,2.8162,1.279,2.3804,1.102,4.3639,2.5771,1.4154,2.6731,2.2343,3.4429,0,2.9069,2.2046,2.7928,4.8666,1.4381,1.0541,3.6958,4.0856,3.6312,1.0392,5.2867,1.971,4.4276,3.2273,0.67029,0.38446,0.90237,1.168,1.5718,1.8546,1.3841,1.114,0.42562,2.3817,1.177,3.1726,1.5387,2.0386,2.4609,2.5168,2.8475,2.2116,5.589,4.9259,1.6121,1.2573,1.3942,4.2949,5.3062,1.6004,1.9663,2.9195,2.0562,3.8011,1.9161,2.4179,0.93644,0.32589,3.558,3.3598,5.5437,2.5764,1.9587,4.1743,2.8544,4.5683,4.0986,4.4393,4.3785,5.1036,3.7332,5.9768,1.5643,2.7325,3.4079,4.8827,4.9569,5.3997,2.4257,3.1296,7.0707,5.0052,5.9944,6.3791,2.3524,0.72099,6.4774,1.4105,1.7015,2.6984,3.2422,5.3053,5.8339,2.6522,4.6623,2.5465,7.2917,5.0478,7.9473,4.5992,8.3096,2.0391,6.5976,8.7392,7.6245,2.7421,1.7792,0.81882,6.0082,2.5071,3.0208,5.1156,0.7726,9.1344,9.5404,9.9309,10.247,10.282,9.9429,10.271,8.9243,9.5541,9.2875,10.052,9.9583,9.7334,10.553,10.6,10.566,10.26,9.5892,10.122,9.6857,10.034,8.8532,8.1555,9.2174,8.7335,9.6368,2.3917,1.2631,2.1897,3.4728,6.6902,3.9039,5.1285,5.6891,8.6555,2.5331,2.8661,7.3188,1.0766,5.2035,4.7703,7.257,5.8346,9.1638,5.1116,2.5562,4.902,3.6514,6.8989,7.9433,7.3669,4.5535,4.0275,3.5473,1.5729,1.0827,0.805,3.6581,6.1453,3.2877,2.2409,3.6464,1.5345,1.5477,2.7282,2.3454,0.16261,0.52242,1.7423,1.7045,1.9138,3.6146,2.1885,1.4848,0.38236,2.2997,0.71932,0.78939,1.2233,0.88235,0.63136,0.22301,0.55041,7.5468,3.8413,1.3259,7.9916,1.9981
30010,4.7419,2.1622,4.3061,2.7426,2.4382,0.32975,2.5775,0.46741,0.84643,2.9581,2.9069,0,1.4015,0.64798,1.9597,2.984,1.9176,0.78896,1.1788,1.5797,2.3191,2.3798,1.3237,1.5208,2.4892,2.596,2.7926,2.828,2.2743,1.3351,1.0522,1.5227,3.4699,3.0717,2.0983,3.1027,0.26577,2.0147,2.3945,0.45572,0.56394,1.5862,0.69528,2.6821,2.0191,3.5377,1.6496,2.3613,1.388,2.9264,1.3065,0.94054,0.53384,0.85067,2.3541,3.8418,0.91749,2.9159,2.581,1.6323,0.99469,2.6368,0.5817,1.4114,1.7699,1.275,2.4743,2.173,2.5137,2.4528,3.1779,1.8075,3.07,3.49,4.6581,5.3335,6.8084,6.8826,7.3254,4.0249,5.0553,8.9964,6.9309,7.9201,8.3047,1.1575,2.4979,3.5705,1.4964,1.4226,1.3941,0.44756,2.3985,2.927,2.8566,1.7554,2.3376,9.2173,7.9546,9.873,7.4005,10.235,3.3242,8.5233,10.665,9.5502,2.1708,4.686,3.7257,7.9338,4.3907,5.9277,3.3155,2.7024,11.06,11.466,11.857,12.173,12.208,11.869,12.197,10.85,11.48,11.213,11.978,11.884,11.659,12.479,12.526,12.491,12.186,11.515,12.047,11.611,11.96,10.779,10.081,11.143,10.659,11.562,0.51519,1.6438,1.7441,2.1844,4.7645,5.8296,7.0542,7.6148,10.581,1.9636,2.4686,9.2445,1.8302,7.1292,6.1341,4.3502,2.9277,11.089,2.2047,4.4819,6.8277,5.5771,8.8245,5.0364,4.46,6.4791,3.3092,2.8384,1.9368,2.4375,2.4194,3.2644,8.071,3.1107,1.2712,3.6793,2.6569,1.3592,1.1413,1.0362,2.7443,2.4481,1.2853,2.6929,0.99308,0.70772,0.71832,3.4105,3.1532,4.2254,2.9752,3.2656,3.2161,2.2323,2.8587,2.9723,2.3564,9.4725,1.9156,1.581,5.0848,3.8766
30011,5.0208,0.92558,4.585,3.0215,2.1594,1.0718,1.176,1.1678,1.1253,3.237,2.2046,1.4015,0,1.2875,3.3613,3.2629,2.1965,2.1905,2.5803,2.1259,2.598,3.7814,0.23359,2.9223,2.7681,2.8749,2.589,3.1069,2.5532,0.65301,0.95964,0.8333,3.3185,2.6302,2.3772,3.3815,1.6673,2.2936,2.6734,0.95562,1.0115,1.8651,0.7353,4.0836,3.4206,3.8166,1.5655,0.95977,2.7895,3.8009,0.7808,1.0731,1.4142,0.55087,2.633,4.1207,0.48404,3.141,2.4541,2.0352,1.8545,4.0384,1.0711,1.6903,2.669,0.64987,3.063,1.8941,2.2348,2.1739,2.899,1.5286,4.4715,3.7689,4.937,5.6124,7.0873,7.1615,7.6043,4.3038,5.3342,9.2753,7.2098,8.199,8.5836,1.4364,1.4836,4.972,1.2014,0.50309,0.4938,1.7368,3.8,4.3285,1.455,3.157,0.93607,9.4962,7.129,10.152,6.8038,10.514,1.9226,8.8022,10.944,9.8291,2.4497,3.2845,2.3241,8.2127,2.9891,4.7414,3.6103,2.9772,11.339,11.745,12.135,12.452,12.487,12.147,12.476,11.129,11.759,11.492,12.257,12.163,11.938,12.758,12.805,12.77,12.465,11.794,12.326,11.89,12.239,11.058,10.36,11.422,10.938,11.841,0.88634,1.4244,0.34252,1.2682,4.4856,6.1085,7.3331,7.8937,10.86,0.56202,1.0671,9.5234,1.7199,7.4081,6.413,5.7517,4.3293,11.368,3.6063,4.7608,7.1066,5.856,9.1034,6.438,5.8615,6.758,1.9076,1.4369,0.63171,1.1218,1.3996,1.8628,8.3499,1.7092,0.1303,2.2777,1.2553,1.3642,0.52366,0.36534,2.068,2.727,0.46224,1.2914,0.61576,2.1093,0.87508,3.6894,1.8222,4.5043,2.9239,2.994,3.4278,2.5112,2.8359,2.4276,2.3161,9.7514,1.6367,0.95043,6.4863,2.475
30012,4.0939,2.0481,3.6581,2.0946,3.0862,0.51557,2.4635,0.18057,0.55849,2.3102,2.7928,0.64798,1.2875,0,2.0738,2.3361,1.7387,0.90301,1.2928,0.9317,1.7536,2.4939,1.2096,1.6348,1.8412,2.4085,2.6785,2.4628,1.6263,1.221,0.93819,1.4087,3.3559,2.9576,1.4504,2.7278,0.58117,1.3667,1.7466,0.33186,0.276,0.93821,0.58123,2.7962,2.1331,2.8898,1.5355,2.2473,1.502,2.5134,1.1924,0.82648,0.12669,0.73661,1.7061,3.6534,1.1402,2.8019,2.4669,2.2803,0.56698,2.7509,1.2297,0.83409,1.3815,1.5767,3.1222,2.8209,3.1616,3.1008,3.8259,2.4555,3.184,3.1938,4.0102,4.6856,6.1604,6.2346,6.6774,3.377,4.4073,8.3484,6.2829,7.2721,7.6568,0.5095,2.3838,3.6846,1.3823,1.3086,1.4207,0.44937,2.5125,3.041,2.7425,1.8695,2.2236,8.5694,7.8406,9.225,7.2864,9.5873,3.2101,7.8753,10.017,8.9022,1.5228,4.572,3.6116,7.2859,4.2766,5.8136,2.6676,2.5884,10.412,10.818,11.209,11.525,11.56,11.221,11.549,10.202,10.832,10.565,11.33,11.236,11.011,11.831,11.878,11.843,11.538,10.867,11.399,10.963,11.312,10.131,9.4332,10.495,10.011,10.914,0.60257,1.5297,1.63,2.195,5.4125,5.1816,6.4062,6.9668,9.9332,1.8495,2.3546,8.5965,1.7162,6.4812,5.4861,4.4642,3.0418,10.441,2.3188,3.8339,6.1797,4.9291,8.1766,5.1505,4.5741,5.8312,3.1951,2.7243,1.8227,2.3235,2.3053,3.1503,7.423,2.9966,1.1572,3.5652,2.5428,1.2451,1.4505,1.0677,2.6302,2.2922,1.1712,2.5789,0.87903,0.82177,0.60426,3.0505,3.0392,3.5774,2.8612,3.1515,3.1021,1.9105,2.7447,2.8582,2.2424,8.8245,2.5636,1.4669,5.1988,3.7625
30013,3.8942,4.122,3.9793,3.7646,3.8492,2.2895,4.5373,2.1935,2.6323,1.5472,4.8666,1.9597,3.3613,2.0738,0,3.4286,3.8125,1.2606,0.78099,1.2354,3.8274,0.67199,3.2834,0.43898,1.6393,4.4823,4.7523,4.5366,3.6986,3.2948,3.012,3.4825,5.4297,5.0314,2.4849,4.8016,1.694,3.3279,2.828,2.4057,2.3498,2.0191,2.655,0.72235,0.88575,3.9506,3.6093,4.3211,1.0808,1.5154,3.2662,2.9003,1.9471,2.8104,1.0655,5.7272,2.8772,4.8757,4.5407,3.0433,1.5068,0.67707,2.2902,2.9079,0.69228,3.2347,3.8852,3.5839,3.9246,3.9346,4.5888,3.2185,1.1102,5.2676,5.5484,5.8635,6.3863,7.4985,6.8996,2.614,3.6444,8.4917,5.5199,6.5092,6.8938,2.5142,4.4576,1.6108,3.4561,3.3824,3.3539,1.6244,0.43871,0.96724,4.8163,0.33249,4.2974,7.8064,9.9144,8.4621,9.3602,8.8244,5.2839,7.9236,9.2539,9.0475,2.1245,6.6458,5.6854,7.4187,6.3504,7.8874,1.9046,4.6622,9.6491,10.152,10.446,10.762,10.797,10.634,10.809,10.041,10.069,10.198,10.567,10.473,10.248,11.068,11.115,11.08,10.775,10.104,10.637,10.2,10.549,9.3679,9.5169,10.451,10.095,10.379,2.4749,3.6035,3.7038,4.1442,6.6517,4.4186,5.6432,6.2039,9.1703,3.9233,4.4284,7.8335,3.79,5.7183,4.7231,2.3904,0.96797,9.6785,0.27458,3.0709,5.4168,4.1661,7.4136,3.0767,2.5003,5.0682,5.2689,4.7981,3.8965,4.3973,4.3791,5.2241,6.66,5.0704,3.231,5.639,4.6166,3.3189,3.1011,2.9959,4.704,4.366,3.245,4.6527,2.9528,1.252,2.6781,5.1243,5.113,5.4745,4.935,5.2253,5.1759,3.9843,4.8185,4.932,4.3162,8.0616,3.3266,3.5407,3.125,5.8363
30014,1.7578,2.3374,1.322,0.33609,5.4223,2.8516,2.4738,2.5166,2.1376,2.0048,1.4381,2.984,3.2629,2.3361,3.4286,0,1.0664,2.8337,2.6476,2.1932,0.66497,3.8486,3.0293,2.9896,1.7893,1.0538,1.3238,1.1081,0.70974,2.6099,2.3033,2.4296,2.0011,1.6029,0.94365,1.373,2.9172,0.96934,0.60055,2.5283,2.4201,1.4094,2.5276,4.1509,3.4879,0.5537,1.6974,2.4526,2.8568,3.8681,2.4821,2.1898,2.4502,3.0478,2.3631,2.2987,3.4763,1.4471,1.1122,4.6164,1.9894,4.1056,3.5657,1.5726,2.7363,3.9128,5.4583,5.157,5.4977,5.4368,6.1619,4.7915,4.5388,1.8391,2.1198,2.4349,3.8244,4.0699,4.3413,1.0409,2.0713,6.0123,3.9468,4.9361,5.3207,1.8266,1.7794,5.0393,2.0615,2.7598,3.7567,2.5365,3.8673,4.3958,3.7105,3.2242,3.6049,6.2333,6.4858,6.889,5.9317,7.2513,3.0975,5.5393,7.6808,6.5662,1.304,3.2172,2.2569,4.9498,3.5655,4.4589,3.6776,1.2336,8.076,8.4821,8.8725,9.1889,9.2237,8.8846,9.213,7.8659,8.4957,8.2291,8.9937,8.8999,8.675,9.4948,9.5417,9.5073,9.2017,8.5309,9.0634,8.6273,8.9757,7.7948,7.0972,8.159,7.6751,8.5784,2.9386,1.8386,3.248,4.5311,7.7485,2.8456,4.0702,4.6308,7.5972,3.5914,3.9244,6.2604,1.543,4.1452,3.3322,5.819,4.3965,8.1054,3.6735,1.4978,3.8437,2.593,5.8405,6.5052,5.9288,3.4951,5.0859,4.6057,2.6312,2.1411,1.8634,4.7165,5.0869,4.3461,3.2993,4.7047,2.5929,1.8988,3.7866,3.4037,1.2754,0.93748,2.8007,2.7628,2.6472,2.6202,2.3879,1.6958,1.6844,2.0459,1.5064,1.7967,1.7473,0.7517,1.3899,1.5035,0.94679,6.4885,4.8997,2.3125,6.5536,3.0565
30015,2.8242,1.271,2.3884,0.82497,4.3559,1.7852,1.4074,1.619,1.1802,2.3888,1.0541,1.9176,2.1965,1.7387,3.8125,1.0664,0,2.6417,3.0315,2.5771,0.40143,4.2326,1.9629,3.3736,2.1732,0.67833,0.93981,0.91041,0.35666,1.5435,1.2369,1.3632,1.6171,1.2189,1.3276,1.185,2.1186,0.4846,0.98453,1.4619,1.4627,1.7934,1.4612,4.5349,3.8718,1.6201,0.63101,1.3862,3.2408,4.2521,1.4157,1.1234,1.8654,1.9814,2.7471,1.9242,2.4099,1.0632,0.72819,3.55,2.3057,4.4896,2.4993,0.90463,3.1203,2.8464,4.3919,4.0906,4.4313,4.3704,5.0955,3.7251,4.9228,1.5724,2.7405,3.4159,4.8908,4.9649,5.4077,2.1073,3.1377,7.0787,5.0132,6.0025,6.3871,1.2984,0.71295,5.4233,0.99508,1.6934,2.6903,2.1881,4.2512,4.7798,2.6441,3.6082,2.5385,7.2997,6.1018,7.9554,5.5477,8.3177,2.0311,6.6057,8.7472,7.6326,1.688,2.8333,1.8729,6.0162,2.5379,4.0749,4.0616,0.84964,9.1425,9.5485,9.939,10.255,10.29,9.951,10.279,8.9323,9.5621,9.2955,10.06,9.9663,9.7414,10.561,10.608,10.574,10.268,9.5973,10.13,9.6937,10.042,8.8612,8.1636,9.2254,8.7415,9.6448,1.8722,0.77216,2.1816,3.4647,6.6821,3.912,5.1366,5.6972,8.6636,2.525,2.858,7.3268,0.47659,5.2116,4.2164,6.203,4.7805,9.1718,4.0575,2.5642,4.9101,3.6594,6.9069,6.8892,6.3128,4.5615,4.0195,3.5393,1.5648,1.0747,0.79696,3.6501,6.1533,3.2797,2.2329,3.6383,1.5265,0.83238,2.7202,2.3373,0.89147,0.5535,1.7343,1.6964,1.5808,2.5605,1.3215,1.4929,1.3004,2.3078,1.1225,1.4128,1.3634,0.3147,1.0059,1.1195,0.50367,7.5549,3.8333,1.2461,6.9376,2.0238
30016,4.5916,2.9512,4.1558,2.5939,2.5886,1.1187,3.3665,1.0227,1.4615,2.8078,3.6958,0.78896,2.1905,0.90301,1.2606,2.8337,2.6417,0,0.48784,1.4294,2.6566,1.5909,2.1126,0.87225,2.3389,3.3115,3.5815,3.3658,2.5278,2.1241,1.8412,2.3117,4.2589,3.8606,1.948,3.6308,0.52318,2.1571,2.2442,1.2349,1.179,1.4359,1.4842,1.8931,1.2301,3.3874,2.4385,3.1503,0.59903,2.7761,2.0954,1.7295,0.77632,1.6396,2.2038,4.5565,1.7064,3.7049,3.3699,1.7827,0.84438,1.8479,1.1194,1.7371,1.6196,2.0639,2.6246,2.3233,2.664,2.7638,3.3282,1.9578,2.281,4.0968,4.5078,5.1832,6.6581,6.7323,7.175,3.8746,4.905,8.8461,6.7806,7.7698,8.1544,1.3434,3.2868,2.7816,2.2853,2.2116,2.1831,0.45365,1.6095,2.138,3.6455,1.5931,3.1266,9.067,8.7436,9.7227,8.1894,10.085,4.1131,8.373,10.515,9.3999,2.0205,5.475,4.5146,7.7835,5.1796,6.7166,3.1652,3.4914,10.91,11.316,11.706,12.023,12.057,11.718,12.047,10.7,11.329,11.063,11.827,11.734,11.509,12.329,12.375,12.341,12.035,11.365,11.897,11.461,11.809,10.629,9.9309,10.993,10.509,11.412,1.3042,2.4328,2.533,2.9734,5.4809,5.6793,6.9039,7.4645,10.431,2.7525,3.2576,9.0942,2.6192,6.9789,5.9838,3.5612,2.1388,10.939,1.4158,4.3315,6.6774,5.4267,8.6742,4.2475,3.671,6.3288,4.0981,3.6274,2.7257,3.2265,3.2084,4.0533,7.9207,3.8997,2.0602,4.4682,3.4458,2.1482,1.9303,1.8252,3.5332,3.1952,2.0742,3.4819,1.782,0.21354,1.5073,3.9535,3.9422,4.3037,3.7642,4.0545,4.0051,2.8135,3.6477,3.7612,3.1454,9.3222,2.0659,2.3699,4.2958,4.6655
30017,4.1037,3.341,3.6679,2.9837,3.0764,1.5085,3.7563,1.4125,1.8513,2.32,4.0856,1.1788,2.5803,1.2928,0.78099,2.6476,3.0315,0.48784,0,0.94153,3.0464,1.2011,2.5024,0.38442,1.8511,3.7013,3.9713,3.7556,2.9176,2.5139,2.231,2.7015,4.6487,4.2504,1.7039,4.0206,0.91298,2.5469,2.047,1.6247,1.5688,1.2381,1.874,1.5033,0.8403,3.1697,2.8283,3.5401,0.30804,2.2882,2.4852,2.1193,1.1661,2.0294,1.716,4.9463,2.0962,4.0947,3.7597,2.2705,0.72583,1.4581,1.5092,2.1269,1.1318,2.4537,3.1124,2.8111,3.1518,3.1536,3.816,2.4457,1.8912,4.4866,4.7674,5.0825,6.1703,6.7175,6.6872,3.3868,4.4172,8.3582,6.2927,7.282,7.6666,1.7332,3.6766,2.3918,2.6751,2.6014,2.5729,0.84344,1.2197,1.7482,4.0353,1.1053,3.5164,8.5792,9.1334,9.2349,8.5792,9.5972,4.5029,7.8852,10.027,8.9121,1.5326,5.8648,4.9044,7.2957,5.5694,7.1064,2.6774,3.8812,10.422,10.828,11.218,11.535,11.57,11.23,11.559,10.212,10.842,10.575,11.34,11.246,11.021,11.841,11.888,11.853,11.548,10.877,11.409,10.973,11.322,10.141,9.4431,10.505,10.021,10.924,1.6939,2.8226,2.9228,3.3632,5.8707,5.1914,6.416,6.9767,9.9431,3.1423,3.6474,8.6063,3.009,6.4911,5.4959,3.1714,1.749,10.451,1.026,3.8437,6.1896,4.9389,8.1864,3.8577,3.2812,5.841,4.4879,4.0172,3.1155,3.6163,3.5982,4.4431,7.4328,4.2895,2.45,4.858,3.8356,2.538,2.3201,2.215,3.923,3.585,2.464,3.8717,2.1718,0.47104,1.8971,4.3433,4.332,4.6935,4.154,4.4443,4.3949,3.2033,4.0375,4.151,3.5352,8.8344,2.5538,2.7597,3.906,5.0553
30018,3.1622,2.8866,2.7439,2.5293,4.0179,1.4473,3.3019,1.1123,1.3969,1.3784,3.6312,1.5797,2.1259,0.9317,1.2354,2.1932,2.5771,1.4294,0.94153,0,2.592,1.6555,2.048,0.7964,0.90954,3.2469,3.517,3.3013,2.4632,2.0595,1.7766,2.2471,4.1943,3.796,1.2495,3.5662,1.5129,2.0925,1.5926,1.1703,1.1144,0.78372,1.4197,1.9577,1.2947,2.7153,2.3739,3.0857,1.2496,1.675,2.0308,1.6649,1.0458,1.6434,0.77443,4.4919,2.0719,3.6403,3.3053,3.212,0.58499,1.9125,2.1614,1.6725,0.5431,2.5084,4.0539,3.7526,4.0933,4.0325,4.7576,3.3872,2.3456,4.0322,4.313,4.6281,5.2287,6.2631,5.7457,2.4453,3.4756,7.4167,5.3512,6.3404,6.7251,1.2788,3.2223,2.8461,2.2207,2.147,2.3524,1.1321,1.6741,2.2026,3.5809,1.031,3.062,7.6377,8.679,8.2933,8.1249,8.6556,4.0485,6.9436,9.0852,7.9705,0.88916,5.4104,4.45,6.3542,5.115,6.6521,1.7359,3.4268,9.4804,9.8864,10.277,10.593,10.628,10.289,10.617,9.2703,9.9001,9.6335,10.398,10.304,10.079,10.899,10.946,10.912,10.606,9.9352,10.468,10.032,10.38,9.1992,8.5015,9.5634,9.0795,9.9828,1.5343,2.3682,2.4684,3.1268,6.3442,4.2499,5.4745,6.0351,9.0015,2.6879,3.193,7.6648,2.5546,5.5495,4.5544,3.6258,2.2034,9.5098,1.4804,2.9022,5.248,3.9974,7.2448,4.3121,3.7356,4.8995,4.0335,3.5628,2.6611,3.1619,3.1438,3.9887,6.4913,3.8351,1.9956,4.4036,3.3812,2.0836,2.3822,1.9994,3.4686,3.1306,2.0096,3.4173,1.7175,1.2158,1.4427,3.8889,3.8776,4.2391,3.6996,3.9899,3.9405,2.7489,3.5831,3.6966,3.0808,7.8928,3.4953,2.3053,4.3604,4.6009
30019,2.4228,1.6724,1.987,0.42354,4.7573,2.1867,1.8088,1.8517,1.4726,2.4037,1.0392,2.3191,2.598,1.7536,3.8274,0.66497,0.40143,2.6566,3.0464,2.592,0,4.2475,2.3644,3.3884,2.1881,0.65489,0.92492,0.70922,0.12881,1.9449,1.6383,1.7647,1.6023,1.204,1.3425,0.97416,2.2523,0.49949,0.99942,1.8634,1.7551,1.8083,1.8627,4.5498,3.8867,1.2187,1.0324,1.7876,3.2557,4.267,1.8172,1.5248,1.8803,2.3828,2.7619,1.8998,2.8113,1.0483,0.7133,3.9514,2.3206,4.5045,2.9008,0.91952,3.1351,3.2478,4.7933,4.492,4.8327,4.7718,5.497,4.1266,4.9376,1.4402,2.3391,3.0145,4.4893,4.5635,5.0063,1.7059,2.7362,6.6773,4.6118,5.601,5.9857,1.3132,1.1144,5.4382,1.3965,2.0949,3.0918,2.203,4.2661,4.7947,3.0456,3.6231,2.9399,6.8983,6.087,7.5539,5.5328,7.9163,2.4325,6.2042,8.3458,7.2312,1.7029,2.8184,1.858,5.6148,2.9005,4.06,4.0764,0.83475,8.741,9.1471,9.5375,9.8539,9.8887,9.5495,9.878,8.5309,9.1607,8.8941,9.6587,9.5649,9.34,10.16,10.207,10.172,9.8667,9.1959,9.7284,9.2923,9.6407,8.4598,7.7621,8.824,8.3401,9.2434,2.2737,1.1736,2.5831,3.8661,7.0835,3.5105,4.7351,5.2957,8.2621,2.9265,3.2595,6.9254,0.87802,4.8101,3.815,6.2179,4.7954,8.7704,4.0724,2.1628,4.5087,3.258,6.5055,6.9041,6.3277,4.1601,4.4209,3.9407,1.9663,1.4761,1.1984,4.0515,5.7519,3.6811,2.6343,4.0398,1.9279,1.2338,3.1216,2.7388,0.87658,0.53861,2.1357,2.0979,1.9822,2.5754,1.7229,1.2969,1.2856,1.9063,1.1076,1.3979,1.3485,0.15684,0.99104,1.1046,0.48878,7.1534,4.2347,1.6475,6.9524,2.3915
30020,4.3143,4.542,4.3994,4.1847,3.1772,2.7096,4.9574,2.6136,3.0524,2.2192,5.2867,2.3798,3.7814,2.4939,0.67199,3.8486,4.2326,1.5909,1.2011,1.6555,4.2475,0,3.7035,0.85907,2.0594,4.9024,5.1724,4.9567,4.1187,3.7149,3.4321,3.9026,5.8498,5.4515,2.905,5.2217,2.1141,3.748,3.2481,2.8258,2.7699,2.4392,3.0751,0.30226,0.36079,4.3707,4.0294,4.7412,0.99185,2.1874,3.6863,3.3204,2.3672,3.2305,1.6151,6.1473,3.2973,5.2958,4.9608,2.3713,1.9269,0.381,2.7103,3.328,1.1124,3.6548,3.2132,3.7164,3.4073,4.3547,3.9169,3.0279,0.69013,5.6877,5.9685,6.2836,6.8064,7.9186,7.3197,3.286,4.3164,8.9118,6.1919,7.1812,7.5658,2.9343,4.8777,1.1907,3.8762,3.8025,3.774,2.0445,0.88252,1.3241,5.2364,1.0045,4.7175,8.4784,10.334,9.1341,9.7803,9.4964,5.704,8.3437,9.9259,9.4676,2.5446,7.0659,6.1055,7.8388,6.7705,8.3075,2.5766,5.0823,10.321,10.727,11.118,11.434,11.469,11.13,11.458,10.462,10.741,10.618,11.239,11.145,10.92,11.74,11.787,11.752,11.447,10.776,11.309,10.872,11.221,10.04,9.937,10.871,10.515,10.823,2.895,4.0236,4.1239,4.5643,7.0718,5.0906,6.3152,6.8759,9.8423,4.3434,4.8484,8.5055,4.2101,6.3903,5.3951,1.9703,0.54788,10.351,0.39741,3.7429,6.0888,4.8381,8.0856,2.6566,2.0802,5.7402,5.689,5.2182,4.3166,4.8174,4.7992,5.6442,7.332,5.4905,3.6511,6.0591,5.0367,3.739,3.5212,3.416,5.1241,4.7861,3.6651,5.0728,3.3729,1.6721,3.0982,5.5444,5.5331,5.8946,5.3551,5.6454,5.596,4.4044,5.2385,5.3521,4.7363,8.7336,2.6546,3.9608,2.7049,6.2564
30021,4.7872,0.83855,4.3514,2.7879,2.3929,0.99391,1.2539,1.0899,0.89173,3.0034,1.971,1.3237,0.23359,1.2096,3.2834,3.0293,1.9629,2.1126,2.5024,2.048,2.3644,3.7035,0,2.8444,2.5345,2.6413,2.3554,2.8733,2.3196,0.41942,0.72605,0.59971,3.0849,2.3966,2.1436,3.1479,1.5894,2.06,2.4398,0.87774,0.9336,1.6315,0.62838,4.0058,3.3427,3.583,1.3319,1.0377,2.7116,3.723,0.54721,0.83956,1.3363,0.47299,2.3994,3.8871,0.44693,2.9074,2.2205,1.9573,1.7766,3.9605,0.99318,1.4567,2.5911,0.88346,2.9851,2.1277,2.4684,2.4075,3.1326,1.7622,4.3936,3.5353,4.7034,5.3788,6.8537,6.9279,7.3707,4.0702,5.1006,9.0417,6.9762,7.9654,8.35,1.2028,1.25,4.8942,0.96786,0.2695,0.72739,1.659,3.7221,4.2507,1.5329,3.0791,1.014,9.2626,6.8954,9.9183,6.5702,10.281,2.0005,8.5686,10.71,9.5955,2.2161,3.3624,2.402,7.9791,3.067,4.604,3.5324,2.7436,11.105,11.511,11.902,12.218,12.253,11.914,12.242,10.895,11.525,11.258,12.023,11.929,11.704,12.524,12.571,12.537,12.231,11.56,12.093,11.657,12.005,10.824,10.127,11.188,10.704,11.608,0.80847,1.1908,0.4204,1.5018,4.7192,5.8749,7.0995,7.6601,10.627,0.63989,1.1449,9.2898,1.4864,7.1745,6.1794,5.6738,4.2514,11.135,3.5284,4.5272,6.873,5.6224,8.8698,6.3601,5.7837,6.5244,2.0565,1.5763,0.61312,1.1139,1.166,1.9407,8.1163,1.787,0.26992,2.3556,1.3332,1.1306,0.75725,0.3744,1.8345,2.4934,0.22865,1.3693,0.38217,2.0314,0.64149,3.4558,1.8296,4.2707,2.6903,2.7604,3.1942,2.2776,2.6023,2.194,2.0826,9.5178,1.8703,0.71684,6.4084,2.5529
30022,3.7193,3.683,3.5403,3.3257,3.4608,1.8505,4.0983,1.7545,2.1933,1.9356,4.4276,1.5208,2.9223,1.6348,0.43898,2.9896,3.3736,0.87225,0.38442,0.7964,3.3884,0.85907,2.8444,0,1.4667,4.0433,4.3134,4.0977,3.2596,2.8559,2.573,3.0435,4.9907,4.5924,2.0459,4.3626,1.255,2.8889,2.389,1.9667,1.9108,1.5801,2.2161,1.1613,0.49828,3.5117,3.1703,3.8821,0.69246,1.9038,2.8272,2.4613,1.5081,2.3714,1.3315,5.2883,2.4383,4.4367,4.1017,2.6549,1.0678,1.116,1.8512,2.4689,0.74734,2.7958,3.4968,3.1955,3.5362,3.4956,4.2005,2.8301,1.5492,4.8286,5.1094,5.4245,5.9473,7.0595,6.4607,3.0024,4.0328,8.0528,5.9083,6.8975,7.2822,2.0752,4.0187,2.0497,3.0171,2.9434,2.9149,1.1855,0.87769,1.4062,4.3773,0.72087,3.8584,8.1948,9.4754,8.8504,8.9213,9.2128,4.8449,7.5007,9.6423,8.6085,1.6856,6.2068,5.2464,6.9798,5.9114,7.4485,2.293,4.2232,10.038,10.444,10.834,11.15,11.185,10.846,11.175,9.8274,10.457,10.191,10.955,10.861,10.637,11.456,11.503,11.469,11.163,10.492,11.025,10.589,10.937,9.7563,9.078,10.12,9.6561,10.54,2.036,3.1646,3.2648,3.7052,6.2127,4.807,6.0316,6.5922,9.5586,3.4843,3.9894,8.2219,3.351,6.1066,5.1115,2.8294,1.4069,10.067,0.68398,3.4593,5.8052,4.5545,7.802,3.5157,2.9392,5.4566,4.8299,4.3592,3.4576,3.9583,3.9402,4.7851,7.0484,4.6315,2.792,5.2,4.1776,2.88,2.6621,2.557,4.265,3.9271,2.8061,4.2137,2.5139,0.81305,2.2391,4.6853,4.674,5.0355,4.496,4.7863,4.7369,3.5453,4.3795,4.493,3.8772,8.4499,2.9382,3.1017,3.564,5.3973
30023,2.2549,2.4827,2.34,2.1254,4.9275,2.3568,2.898,2.0218,1.6428,0.46891,3.2273,2.4892,2.7681,1.8412,1.6393,1.7893,2.1732,2.3389,1.8511,0.90954,2.1881,2.0594,2.5345,1.4667,0,2.843,3.1131,2.8974,2.0593,2.1151,1.8085,1.9348,3.7904,3.3921,0.84561,3.1623,2.4224,1.6886,1.1887,2.0335,1.9253,0.90303,2.0328,2.3616,1.964,2.3114,1.97,2.6818,2.1591,2.0789,1.9873,1.695,1.9554,2.5529,0.57382,4.088,2.9814,3.2364,2.9014,4.1216,1.4945,2.3164,3.0709,1.2686,0.94701,3.418,4.9635,4.6622,5.0029,4.942,5.6671,4.2967,2.7495,3.6283,3.9091,4.2242,4.747,5.8592,5.2604,1.5357,2.5661,6.8524,4.4417,5.4309,5.8155,1.3317,2.8183,3.25,1.8168,2.265,3.2619,2.0417,2.078,2.6065,3.2157,1.435,3.1101,6.7281,8.2751,7.3838,7.7209,7.7461,3.6446,6.2843,8.1756,7.4082,0.48525,5.0065,4.0461,5.7795,4.7111,6.2481,1.8883,3.0229,8.5709,8.9769,9.3674,9.6837,9.7185,9.3794,9.7079,8.4021,8.9905,8.7239,9.4885,9.3948,9.1699,9.9896,10.037,10.002,9.6965,9.0257,9.5582,9.1221,9.4705,8.2896,7.8777,8.8121,8.4558,9.0732,2.4438,1.9643,2.7532,4.0363,7.2537,3.3404,4.565,5.1256,8.092,3.0966,3.4296,6.7553,2.1507,4.64,3.6449,4.0297,2.6073,8.6002,1.8843,1.9926,4.3385,3.0878,6.3353,4.716,4.1395,3.9899,4.591,4.1108,2.2572,2.758,2.7399,4.2217,5.5818,3.8512,2.8044,4.2099,2.9773,1.6797,3.2918,2.9089,3.0647,2.7267,2.3059,3.0134,2.1524,2.1254,1.893,3.485,3.4737,3.8352,3.2957,3.586,3.5366,2.345,3.1792,3.2927,2.6769,6.9833,4.4049,1.9014,4.7643,4.197
30024,2.1459,1.9493,1.7101,0.71766,5.0342,2.4636,2.0857,2.2888,1.85,3.0586,0.67029,2.596,2.8749,2.4085,4.4823,1.0538,0.67833,3.3115,3.7013,3.2469,0.65489,4.9024,2.6413,4.0433,2.843,0,0.28583,0.23208,0.7837,2.2218,1.9152,2.0416,0.94737,0.5491,1.9974,0.50668,2.7883,1.1544,1.6543,2.1403,2.1325,2.4632,2.1396,5.2047,4.5416,0.94177,1.3093,2.0645,3.9105,4.9219,2.0941,1.8017,2.5352,2.6597,3.4168,1.2458,3.0882,0.39338,0.42072,4.2283,2.9755,5.1594,3.1777,1.5744,3.79,3.5247,5.0702,4.7689,5.1096,5.0487,5.7739,4.4035,5.5925,0.89405,2.0622,2.7376,4.2124,4.2866,4.7294,2.0414,2.4593,6.4004,4.3349,5.3241,5.7088,1.9681,1.3913,6.0931,1.6734,2.3718,3.3687,2.8579,4.921,5.4495,3.3225,4.278,3.2168,6.6214,5.4321,7.277,4.8779,7.6394,2.7094,5.9273,8.0689,6.9543,2.3578,2.1635,1.2031,5.3379,3.1774,3.4051,4.7313,0.17986,8.4641,8.8702,9.2606,9.577,9.6118,9.2726,9.6011,8.254,8.8838,8.6172,9.3818,9.288,9.0631,9.8829,9.9298,9.8954,9.5898,8.919,9.4515,9.0154,9.3638,8.1829,7.4852,8.5471,8.0632,8.9665,2.5506,1.4505,2.86,4.143,7.3604,3.2336,4.4582,5.0188,7.9852,3.2034,3.5364,6.6485,1.1549,4.5332,4.386,6.8727,5.4503,8.4935,4.7273,1.8859,4.2318,2.9811,6.2286,7.559,6.9826,3.8832,4.6978,4.2176,2.2432,1.753,1.4753,4.3284,5.475,3.958,2.9112,4.3167,2.2048,1.5107,3.3985,3.0157,0.80682,0.14788,2.4126,2.3748,2.2591,3.2303,1.9998,0.81452,1.0527,1.6294,0.45267,0.743,0.69359,0.49804,0.33615,0.44972,0.55872,6.8765,4.5116,1.9244,7.6073,2.6684
30025,2.4317,1.6635,1.9959,0.98769,4.7484,2.4628,1.7999,2.5588,2.12,3.3286,0.38446,2.7926,2.589,2.6785,4.7523,1.3238,0.93981,3.5815,3.9713,3.517,0.92492,5.1724,2.3554,4.3134,3.1131,0.28583,0,0.51791,1.0537,1.936,1.7403,1.7557,0.7295,0.27907,2.2674,0.79251,3.0584,1.4244,1.9243,2.3467,2.4025,2.7332,2.0973,5.4747,4.8116,1.2276,1.143,1.7787,4.1806,5.1919,1.8082,1.8521,2.8052,2.3739,3.6869,1.5317,2.8024,0.55198,0.21162,3.9425,3.2455,5.4294,2.8918,1.8444,4.0601,3.2389,4.7844,4.4831,4.8238,4.7629,5.488,4.1176,5.8626,1.1799,2.348,3.0234,4.4983,4.5724,5.0152,2.3115,2.7452,6.6862,4.6207,5.61,5.9946,2.2382,1.1055,6.3631,1.3876,2.0859,3.0828,3.1279,5.1911,5.7196,3.0366,4.548,2.931,6.9072,5.162,7.5629,4.6079,7.9252,2.4236,6.2132,8.3547,7.2401,2.6278,1.8934,0.93308,5.6237,2.8916,3.1351,5.0014,0.38814,8.75,9.156,9.5464,9.8628,9.8976,9.5585,9.8869,8.5398,9.1696,8.903,9.6676,9.5738,9.3489,10.169,10.216,10.181,9.8756,9.2048,9.7373,9.3012,9.6496,8.4687,7.7711,8.8329,8.349,9.2523,2.2774,1.1647,2.5741,3.8572,7.0746,3.5195,4.7441,5.3047,8.2711,2.9175,3.2505,6.9343,0.96238,4.8191,4.656,7.1428,5.7203,8.7793,4.9973,2.1717,4.5176,3.2669,6.5144,7.829,7.2526,4.169,4.412,3.9318,1.9573,1.4672,1.1895,4.0426,5.7608,3.6722,2.6254,4.0308,1.919,1.4334,3.1127,2.7298,0.52099,0.38631,2.1268,2.0889,1.9733,3.5003,2.0743,1.1004,0.76683,1.9153,0.33485,0.47296,0.8388,0.76808,0.2469,0.17968,0.43614,7.1624,4.2258,1.6386,7.8774,2.3826
